96 -18 -60 -36 -100 -65 -95 81 -39 81 85 99 -62 -34 45 79 -39 -80 73 9 -9 98 -52 -61 69 29 -6 -65 -43 22 -27 88 54 91 -38 -32 -64 -26 -82 -49 -2 4 -28 -17 -66 37 -12 1 -38 -3 
-9 -7 46 -25 99 32 -18 14 74 -92 -83 23 94 56 42 -54 30 80 89 -9 63 -47 -79 -48 15 -23 -63 43 -82 51 93 -25 88 98 19 50 -22 -20 8 77 -19 46 62 71 -56 -33 -52 29 17 -66 
-89 3 -93 -23 -92 -27 -32 91 14 -85 96 29 57 -53 -40 86 -39 -50 -11 -52 -24 -59 86 -19 4 73 -50 49 -52 -25 85 -98 1 2 -27 -66 16 -28 7 -20 -41 -2 53 -100 -71 64 9 35 -15 -39 
57 7 2 -28 88 -36 62 -59 61 -77 -88 -5 -85 65 -77 -89 27 -95 17 -62 64 -49 -55 56 73 -6 -17 -61 -93 -6 81 93 47 -85 -39 79 9 53 -4 43 76 44 -10 22 42 61 87 -62 54 -60 
-75 90 8 12 -16 75 -7 -95 65 -22 47 -4 -31 40 92 9 -6 88 5 47 45 47 83 2 75 -23 53 92 -68 21 -64 88 -75 -66 -9 -7 -3 -76 62 37 78 -22 58 -37 66 13 2 18 -20 -56 
74 -29 79 -49 73 67 88 -97 89 -39 -81 5 -49 19 -74 85 97 -31 -18 18 75 -47 -3 26 55 -20 61 -59 -11 -38 -6 -42 -28 -54 -18 99 44 -49 -68 38 -18 31 -27 51 53 -28 -20 74 22 78 
-40 83 1 -39 91 -10 -80 -93 85 54 8 96 9 41 47 46 64 36 9 -61 68 89 98 -62 11 -32 -64 -2 51 61 42 -95 34 -65 10 55 47 29 26 58 16 -54 92 96 22 -38 -76 -98 -17 10 
-4 65 90 -51 81 62 -46 -56 25 35 -1 -7 76 -41 -45 66 84 -75 -95 90 -34 14 80 48 -96 -10 48 77 4 -35 -59 30 57 30 20 25 8 44 -71 -16 7 -17 -25 -65 84 -3 46 -83 -37 13 
25 -87 91 76 58 83 81 31 98 -50 -58 99 -87 4 -42 32 -2 -45 23 -2 36 -67 50 35 78 53 1 68 -29 9 5 56 -27 -63 -40 34 -86 43 -48 -82 -20 32 -98 -94 18 -37 82 13 -34 95 
-85 -63 28 -7 56 90 -88 72 -59 -47 61 13 -55 25 -40 -54 -55 64 71 -85 -9 69 97 88 65 -55 45 67 -47 46 -45 85 -20 -95 84 52 68 -27 -11 -76 -1 -58 -21 51 -84 82 -43 72 -25 25 
53 43 26 19 -93 -89 2 74 -55 -50 -63 -20 -63 -20 67 -46 26 -88 23 51 36 -41 -86 -20 85 6 -70 81 -97 19 48 -59 17 27 73 -88 -50 -7 31 76 -18 50 50 -9 -53 70 46 21 94 -26 
51 -35 22 -45 -85 -19 29 -35 94 -32 -67 23 39 100 -74 -54 83 -85 10 87 54 25 -28 86 89 -41 78 -63 -34 -44 -39 58 -50 -48 95 -37 29 75 22 48 67 64 -65 76 -37 17 15 81 57 22 
98 48 -50 45 93 76 24 -11 58 17 26 14 58 -29 -99 35 -40 -41 75 48 -46 -47 -23 -26 71 65 -51 54 86 -15 -89 -4 95 -15 60 -58 70 90 1 79 9 -67 39 -84 -27 -23 61 93 -52 -30 
-65 59 -18 82 58 84 24 -72 21 48 -58 -21 18 -4 -67 85 -82 18 -98 -14 -81 -58 81 -73 99 27 99 14 21 71 -86 91 -64 -3 -93 -17 75 88 -68 17 43 -72 30 16 -88 68 -21 18 -61 20 
-34 -8 -49 51 -64 40 -65 -35 44 -15 38 -57 -100 9 34 -81 21 72 51 41 7 -77 -72 -86 -7 -85 -65 -61 1 62 36 79 -30 -44 -76 8 1 -51 76 -51 68 19 -84 -59 -50 -73 92 -24 -77 -92 
88 -27 50 -87 -96 -9 79 -57 74 -43 99 -71 91 57 -4 33 69 -40 61 -65 18 -41 -43 26 -9 64 21 -91 68 20 38 9 -10 57 -14 53 6 -7 23 16 24 -7 29 46 74 81 -20 -70 -13 35 
48 -85 -63 91 -42 -12 -22 -74 -11 43 44 -18 35 95 -83 87 -56 -98 26 58 9 52 -7 4 24 56 -36 -60 -22 12 -47 -40 -75 -4 -5 81 -46 -32 -16 -36 -63 -93 85 -100 -31 18 -66 6 80 -91 
31 13 88 38 -87 -50 8 92 25 55 12 90 68 -50 58 18 -40 39 -82 -89 100 29 -40 59 52 -4 84 38 -100 99 98 -96 -22 24 78 27 -7 -45 75 -52 -79 90 -71 -82 97 29 -90 35 -26 54 
55 -89 -92 76 -65 12 -75 -77 49 -32 25 -72 -66 50 14 91 -85 38 58 77 -2 50 14 -3 53 74 -7 57 -76 -4 -15 65 -31 -64 4 56 -11 -44 -86 41 -44 100 -23 83 98 1 75 -11 -58 27 
62 -93 -85 26 -63 25 98 86 100 -10 82 -75 52 21 88 -2 -37 87 72 8 82 75 -4 56 -35 13 69 30 -24 -46 60 -59 38 -84 -34 4 75 13 -2 86 36 -39 97 -17 88 -25 19 -10 94 -38 
66 -58 -4 -14 -19 -54 4 -80 -76 69 -60 96 39 21 44 24 95 100 -23 23 33 76 -72 -84 85 -73 89 20 -17 -6 13 -42 -12 -18 -56 -5 29 -41 20 -28 57 -62 -20 18 -43 65 87 -62 8 -61 
-57 -34 -65 60 23 -73 18 -23 -82 93 78 -44 -12 -95 55 55 -85 -14 63 88 -4 92 -62 21 45 -62 -64 95 -7 60 -14 83 94 -66 78 -46 85 48 -58 -11 77 60 -36 -39 39 -49 41 -30 100 -79 
-50 53 30 -61 42 -86 -88 -15 -23 7 -7 7 1 -33 -99 55 -15 49 -43 41 96 -6 93 -31 81 34 22 -10 81 28 -36 77 24 -33 37 2 -32 82 -79 -79 -91 52 -85 -49 23 71 11 -44 -25 -53 
3 -2 55 -62 77 -37 -14 86 -67 48 -41 85 -84 6 37 43 -22 27 40 17 4 78 48 -11 -77 65 32 63 -97 89 -14 -39 -37 62 -82 99 56 45 20 55 -56 66 -32 -98 11 89 41 -67 -69 -24 
-85 -32 61 45 -100 42 32 81 3 62 8 16 -55 94 -21 -49 12 -74 86 22 -99 58 -10 83 42 -17 15 72 -100 84 98 -81 -10 -9 64 -17 64 -37 19 100 47 -47 93 -89 -76 -55 -66 -50 20 -61 
34 22 52 -48 -41 -93 -54 -85 -98 -87 4 2 -87 87 -85 -19 16 88 94 -100 -20 94 -73 4 89 13 14 57 -3 58 58 83 -27 50 35 87 81 31 76 65 -79 -62 -6 -5 8 38 78 -66 -5 76 
62 -64 55 -10 -96 56 -21 93 34 24 -30 51 -57 -31 -83 -85 -57 -16 53 -3 -100 -21 -6 79 -32 47 -50 69 22 76 -90 -98 -80 32 44 57 66 56 77 35 -6 -42 6 91 -55 -93 -50 -38 -91 -52 
90 -88 58 84 -46 15 97 74 11 -26 70 91 -83 31 18 54 22 32 -73 25 -83 34 90 -12 -3 82 -68 55 -86 -46 28 8 -99 44 32 -4 27 77 -13 -2 70 92 -53 67 59 78 -100 -81 48 -65 
-9 4 30 -59 79 -48 -90 -52 60 86 27 -49 85 62 40 7 69 -40 -80 3 -49 8 -77 -43 -100 -9 -94 13 45 -58 -22 35 73 -51 33 94 -89 86 12 99 36 -96 -96 -18 68 77 -15 89 -95 -6 
25 48 54 -91 88 -18 87 16 -2 72 1 2 -67 56 44 -6 -100 50 8 31 25 -53 -78 -17 -43 53 -60 -3 97 58 -48 -54 61 -88 7 16 -9 5 -20 -59 46 -75 -66 -45 58 10 22 72 -35 -49 
-96 -1 -48 69 -84 -83 -9 -43 8 -86 41 29 -67 42 -87 52 -8 69 -61 62 11 -10 -74 -83 65 -31 58 48 -83 30 56 23 10 -13 -54 35 3 -62 -94 -61 -33 91 -48 27 -86 -61 25 18 85 -27 
48 11 -92 -20 -13 -73 13 14 39 -88 36 71 -52 28 47 -57 10 14 -61 -27 53 75 -64 4 17 21 73 -98 -12 -64 -48 -94 15 66 -14 70 5 82 -41 -94 22 -15 44 -3 -51 57 8 98 3 7 
100 73 95 89 -30 -53 39 -32 23 -59 19 -100 62 21 52 92 -20 -32 -17 -22 -23 -83 -13 92 93 39 48 -80 -100 46 -88 -87 36 -37 -78 -28 -1 -3 65 -85 -63 -55 -89 -30 53 -9 76 -70 -55 48 
-53 -8 -75 -2 34 -69 -83 16 -30 71 -24 -77 72 4 58 90 -9 -81 -99 -22 -93 18 -9 -84 -28 79 93 59 -2 -53 -41 31 -45 -16 -22 -6 -50 8 -46 4 -15 -39 94 3 -50 -23 92 -46 2 40 
-56 13 -66 -68 -62 -28 -94 -26 51 -50 -23 -17 33 3 47 -68 68 56 -20 68 17 -23 -37 50 11 40 47 -3 -1 34 -49 23 -44 -87 95 -2 -65 -37 40 -67 69 -62 84 59 -14 96 98 22 58 -40 
57 -33 2 -13 39 -87 -49 -55 -61 86 -21 39 -46 -78 -65 64 -29 -34 67 -12 -5 81 -69 -96 76 32 66 91 -24 -6 -80 49 89 66 -48 36 13 87 71 -90 -49 -77 15 36 -36 -38 12 -59 95 -89 
73 53 -54 -87 90 -12 19 -94 24 5 30 -2 -79 6 -94 22 36 -79 -67 -76 45 13 -64 31 77 4 28 -23 -16 6 82 16 -53 -90 11 -94 20 96 -13 -22 -47 -95 -71 95 -38 50 -37 -57 30 -34 
99 9 72 -54 -12 -35 14 -24 -19 15 -29 92 -4 71 14 -51 -67 79 74 -22 37 19 9 60 -91 93 -63 -11 89 19 -61 -36 -17 -77 -90 33 12 27 -34 -85 -61 41 -33 50 92 66 -77 -99 -68 31 
77 23 -30 -65 -64 -98 61 29 -89 -14 8 -22 -77 41 -86 1 -61 14 32 -46 35 74 -23 -31 -25 -63 -95 -29 -43 84 82 47 -78 -37 -42 -31 88 93 32 -37 -31 -81 -64 97 4 -53 58 -90 -74 -89 
-64 94 -59 -98 44 83 9 -36 9 -10 -97 80 44 63 17 22 66 85 -53 -6 -87 13 97 74 22 -13 63 -10 -66 35 47 -53 36 -51 26 -100 -2 -26 100 3 87 24 -7 -3 -24 -61 -77 -54 -7 60 
58 94 -15 -45 27 31 -79 60 -26 -80 -28 -27 59 9 -27 -66 80 -86 -67 -12 -74 -10 41 -60 -83 53 98 23 -84 92 -14 -53 43 37 35 84 -42 6 67 31 -89 -30 -65 52 -96 -53 84 2 98 60 
76 -98 53 96 -24 54 -16 -98 9 -57 66 -15 99 45 61 -25 44 -96 -92 22 -54 18 -96 -83 -88 71 66 94 90 -32 -29 51 99 -45 92 -8 80 31 -34 -56 -13 -99 -10 5 -69 77 20 15 -31 -21 
94 -67 -15 -70 38 63 89 37 -1 89 75 35 -47 -7 -16 -17 92 85 22 -6 -11 44 19 -22 95 50 57 44 97 -5 -56 -3 96 62 -64 25 38 75 64 -74 51 -81 71 16 80 -96 67 65 60 8 
-36 -32 55 -85 14 -100 40 2 65 -55 15 -42 61 -76 5 62 -10 45 -96 74 29 17 -62 79 -66 -5 -66 -100 -19 11 35 -46 -95 -37 73 -5 80 36 -83 -71 50 -61 35 -90 -88 -26 61 20 36 -29 
-86 -58 -85 24 82 -98 -91 82 -43 -57 27 -31 88 -89 -50 85 -97 -40 -97 37 84 -80 37 17 -82 52 -47 45 82 22 -94 -17 -47 -78 -74 -8 44 42 -68 -53 -32 97 65 -91 -16 72 -24 93 -99 41 
-58 -91 59 -31 15 -61 87 -5 -66 16 10 25 66 96 -49 13 94 26 -32 -80 -73 -71 63 21 33 94 43 5 -32 -91 -95 -48 -82 -64 -50 -39 87 -21 6 17 -33 95 46 24 -23 -3 47 88 -50 82 
-94 -59 -15 -38 -72 -15 -73 -26 -91 -5 -82 -97 -75 21 -15 -92 50 15 -82 -8 -61 -41 82 55 11 41 8 2 11 85 85 -14 58 54 -26 -88 -51 36 -72 -39 94 -89 -49 -36 -64 -93 -56 -85 -6 37 
33 18 -6 -48 1 43 -4 -79 74 53 45 56 -30 -95 97 99 -25 -16 3 29 -99 58 -51 95 36 28 23 61 78 -83 -4 16 -38 -38 -41 8 34 19 28 -3 40 -6 50 8 -69 57 8 37 48 -72 
83 -62 55 83 3 65 -69 -99 5 54 47 17 -50 70 39 62 82 35 56 46 -7 -42 -83 28 77 23 62 -62 -84 -3 63 -89 -59 76 59 75 -77 89 -100 -21 -93 -66 -32 -100 -23 16 -93 14 29 26 
-27 87 34 -67 -98 -82 69 69 -20 -18 27 -12 23 -85 -88 33 71 -88 93 66 -77 -88 -49 -26 40 11 -100 11 -87 15 32 6 100 -4 -26 -13 -46 -12 88 36 -36 -6 96 61 -57 96 58 29 -2 4 
