Значения массива:
96 -18 -60 -36 -100 -65 -95 81 -39 81 85 99 -62 -34 45 79 -39 -80 73 9 -9 98 -52 -61 69 
-9 -7 46 -25 99 32 -18 14 74 -92 -83 23 94 56 42 -54 30 80 89 -9 63 -47 -79 -48 15 
-89 3 -93 -23 -92 -27 -32 91 14 -85 96 29 57 -53 -40 86 -39 -50 -11 -52 -24 -59 86 -19 4 
57 7 2 -28 88 -36 62 -59 61 -77 -88 -5 -85 65 -77 -89 27 -95 17 -62 64 -49 -55 56 73 
-75 90 8 12 -16 75 -7 -95 65 -22 47 -4 -31 40 92 9 -6 88 5 47 45 47 83 2 75 
74 -29 79 -49 73 67 88 -97 89 -39 -81 5 -49 19 -74 85 97 -31 -18 18 75 -47 -3 26 55 
-40 83 1 -39 91 -10 -80 -93 85 54 8 96 9 41 47 46 64 36 9 -61 68 89 98 -62 11 
-4 65 90 -51 81 62 -46 -56 25 35 -1 -7 76 -41 -45 66 84 -75 -95 90 -34 14 80 48 -96 
25 -87 91 76 58 83 81 31 98 -50 -58 99 -87 4 -42 32 -2 -45 23 -2 36 -67 50 35 78 
-85 -63 28 -7 56 90 -88 72 -59 -47 61 13 -55 25 -40 -54 -55 64 71 -85 -9 69 97 88 65 
53 43 26 19 -93 -89 2 74 -55 -50 -63 -20 -63 -20 67 -46 26 -88 23 51 36 -41 -86 -20 85 
51 -35 22 -45 -85 -19 29 -35 94 -32 -67 23 39 100 -74 -54 83 -85 10 87 54 25 -28 86 89 
98 48 -50 45 93 76 24 -11 58 17 26 14 58 -29 -99 35 -40 -41 75 48 -46 -47 -23 -26 71 
-65 59 -18 82 58 84 24 -72 21 48 -58 -21 18 -4 -67 85 -82 18 -98 -14 -81 -58 81 -73 99 
-34 -8 -49 51 -64 40 -65 -35 44 -15 38 -57 -100 9 34 -81 21 72 51 41 7 -77 -72 -86 -7 
88 -27 50 -87 -96 -9 79 -57 74 -43 99 -71 91 57 -4 33 69 -40 61 -65 18 -41 -43 26 -9 
48 -85 -63 91 -42 -12 -22 -74 -11 43 44 -18 35 95 -83 87 -56 -98 26 58 9 52 -7 4 24 
31 13 88 38 -87 -50 8 92 25 55 12 90 68 -50 58 18 -40 39 -82 -89 100 29 -40 59 52 
55 -89 -92 76 -65 12 -75 -77 49 -32 25 -72 -66 50 14 91 -85 38 58 77 -2 50 14 -3 53 
62 -93 -85 26 -63 25 98 86 100 -10 82 -75 52 21 88 -2 -37 87 72 8 82 75 -4 56 -35 
66 -58 -4 -14 -19 -54 4 -80 -76 69 -60 96 39 21 44 24 95 100 -23 23 33 76 -72 -84 85 
-57 -34 -65 60 23 -73 18 -23 -82 93 78 -44 -12 -95 55 55 -85 -14 63 88 -4 92 -62 21 45 
-50 53 30 -61 42 -86 -88 -15 -23 7 -7 7 1 -33 -99 55 -15 49 -43 41 96 -6 93 -31 81 
3 -2 55 -62 77 -37 -14 86 -67 48 -41 85 -84 6 37 43 -22 27 40 17 4 78 48 -11 -77 
-85 -32 61 45 -100 42 32 81 3 62 8 16 -55 94 -21 -49 12 -74 86 22 -99 58 -10 83 42 
Номера строк матрицы, чьи суммы меньше нуля:
   2   3  10  13  14  22